           1   6.18685818    
           2   6.32678604    
           3   3.82995844    
           4   1.79793060    
           5  0.887652576    
           6   5.23218679    
           7   2.72974651E-02
           8  0.370860994    
           9  0.140664279    
          10   6.58385456E-02
          11  0.111118682    
          12  0.155241892    
          13   7.44093955E-02
          14   9.89935771E-02
          15  0.650460303    
          16  0.881801128    
          17  0.917246103    
          18  0.944570005    
          19  0.671086252    
          20  0.220472708    
          21   3.22098024E-02
          22   6.98840851E-03
          23   7.11378036E-03
          24   1.12623321E-02
          25   1.24527430E-02
          26   1.26169110E-02
          27   7.72089988E-04
          28   1.55717935E-05
          29   1.32300647E-05
          30   1.18765320E-05
          31   1.06838497E-05
          32   9.63212642E-06
          33   8.60125238E-06
          34   7.65699315E-06
          35   6.82085511E-06
          36   6.04199749E-06
          37   5.29048384E-06
          38   4.67704740E-06
          39   4.10729490E-06
          40   3.58614784E-06
          41   3.12193538E-06
          42   2.72087050E-06
          43   2.35471657E-06
          44   2.03119112E-06
          45   1.75216974E-06
          46   1.50620372E-06
          47   1.29082389E-06
          48   1.10725296E-06
          49   9.47295405E-07
          50   8.09628943E-07
          51   6.89770559E-07
          52   5.86743738E-07
          53   4.98065390E-07
          54   4.17024410E-07
          55   3.57918225E-07
          56   3.01461085E-07
          57   2.58611493E-07
          58   2.14979792E-07
          59   1.79335871E-07
          60   1.53957288E-07
          61   1.28514429E-07
          62   1.10821162E-07
          63   9.26013115E-08
          64   7.86453143E-08
          65   6.67862210E-08
          66   5.61173543E-08
          67   4.55680613E-08
          68   3.76183813E-08
          69   3.28967857E-08
          70   2.86568760E-08
          71   2.42355505E-08
          72   1.86987883E-08
          73   1.63399605E-08
          74   1.39005207E-08
          75   1.08129816E-08
          76   9.28696675E-09
          77   8.08659628E-09
          78   6.89653445E-09
          79   5.10575626E-09
          80   5.01447062E-09
          81   4.15469881E-09
          82   3.80347664E-09
          83   2.95604385E-09
          84   2.73539791E-09
          85   1.75388182E-09
          86   2.02824113E-09
          87   1.14754550E-09
          88   1.10526310E-09
          89   7.94766919E-10
          90   6.05618999E-10
          91   6.62143451E-10
          92   5.77923875E-10
          93   4.14841550E-10
          94   5.36456990E-10
          95   3.50294516E-10
          96   2.69870376E-10
          97   3.13242488E-10
          98   2.22828020E-10
          99   1.45421467E-10
         100   7.52302387E-11
         101   1.21235133E-10
         102   1.62420133E-10
         103   5.76429772E-11
         104   8.40428283E-11
         105   6.12598514E-11
         106   1.50432666E-10
         107   3.82453687E-11
         108   3.55900483E-11
         109   2.10971102E-11
         110   6.98068270E-11
         111   9.69789318E-11
         112   9.03078376E-11
         113   5.55281203E-11
         114   1.36242849E-11
         115   7.31729076E-13
         116   1.82655133E-13
         117   4.55854833E-11
         118   3.38313579E-11
         119   2.98417129E-12
         120   2.84133014E-13
         121   7.59038405E-12
         122   4.85132063E-13
         123   2.22931062E-13
         124   1.88687434E-11
         125   1.08953263E-11
         126   2.00011245E-13
         127   2.83003493E-13
         128   1.53446469E-13
         129   3.72041564E-11
         130   4.25803620E-12
         131   4.46847251E-14
         132   4.08951779E-12
         133   1.58136904E-12
         134   2.74947339E-12
         135   1.23112382E-12
         136   4.68344200E-12
         137   2.25252022E-12
         138   1.27449949E-12
         139   2.56647720E-12
         140   4.51521893E-12
         141   3.86245515E-11
         142   1.15464441E-13
         143   4.86185365E-13
         144   4.74153628E-14
         145   3.45686153E-13
         146   5.21447815E-12
         147   4.06585269E-12
         148   5.43352560E-14
         149   1.26165539E-12
         150   2.53802860E-12
         151   1.75520414E-11
         152   1.27561522E-13
         153   9.69199894E-12
         154   2.60467998E-13
         155   7.14237306E-12
         156   4.22332762E-14
         157   1.28173219E-11
         158   4.68666853E-14
         159   4.73743484E-12
         160   5.09997047E-13
         161   1.16040955E-12
         162   2.33801829E-13
         163   6.82438090E-12
         164   6.79022203E-12
         165   4.65014922E-14
         166   5.04904820E-13
         167   2.09319064E-12
         168   1.30205384E-12
         169   1.50225388E-11
         170   8.18279906E-12
         171   4.13942664E-14
         172   1.72337162E-11
         173   3.19313499E-12
         174   4.60710138E-13
         175   4.39944435E-12
         176   1.05884442E-12
         177   2.88235066E-13
         178   4.36616498E-12
         179   6.50613894E-12
         180   3.73521830E-12
         181   6.46674663E-13
         182   3.86278466E-12
         183   1.10589454E-11
         184   2.82853168E-12
         185   1.37364382E-12
         186   1.16936382E-11
         187   9.22026019E-13
         188   7.88716897E-14
         189   4.35163667E-12
         190   6.34730170E-13
         191   9.42204387E-12
         192   3.76929087E-12
         193   5.55414482E-12
         194   9.65934624E-12
         195   1.95845185E-13
         196   2.04271994E-12
         197   3.50483739E-11
         198   1.34167894E-11
         199   1.42444975E-12
         200   9.25475408E-13
